
--------------------------------------------------------------------------------


Problem title: Khan_2016_Harzbugite_Composition                                                                                                                                  

Thermodynamic data base from: Stixrude & Lithgow-Bertelloni, GJI '11                                          

Independently constrained potentials:

   P(bar)   T(K)    

Components with unconstrained potentials:

   NA2O    MGO     AL2O3   SIO2    CAO     FEO  

Phases and (projected) compositions:

            NA2O    MGO     AL2O3   SIO2    CAO     FEO  
   ab        0.125   0.000   0.125   0.750   0.000   0.000
   alm       0.000   0.000   0.143   0.429   0.000   0.429
   aperov    0.000   0.000   1.000   0.000   0.000   0.000
   an        0.000   0.000   0.250   0.500   0.250   0.000
   seif      0.000   0.000   0.000   1.000   0.000   0.000
   appv      0.000   0.000   1.000   0.000   0.000   0.000
   ca-pv     0.000   0.000   0.000   0.500   0.500   0.000
   cts       0.000   0.000   0.333   0.333   0.333   0.000
   cen       0.000   0.500   0.000   0.500   0.000   0.000
   cfs       0.000   0.000   0.000   0.500   0.000   0.500
   cor       0.000   0.000   1.000   0.000   0.000   0.000
   coe       0.000   0.000   0.000   1.000   0.000   0.000
   di        0.000   0.250   0.000   0.500   0.250   0.000
   en        0.000   0.500   0.000   0.500   0.000   0.000
   fc2/c     0.000   0.000   0.000   0.500   0.000   0.500
   fa        0.000   0.000   0.000   0.333   0.000   0.667
   ffer      0.000   0.000   0.500   0.000   0.000   0.500
   faki      0.000   0.000   0.000   0.500   0.000   0.500
   fperov    0.000   0.000   0.000   0.500   0.000   0.500
   fring     0.000   0.000   0.000   0.333   0.000   0.667
   fwad      0.000   0.000   0.000   0.333   0.000   0.667
   fo        0.000   0.667   0.000   0.333   0.000   0.000
   fppv      0.000   0.000   0.000   0.500   0.000   0.500
   fs        0.000   0.000   0.000   0.500   0.000   0.500
   gr        0.000   0.000   0.143   0.429   0.429   0.000
   herc      0.000   0.000   0.500   0.000   0.000   0.500
   hed       0.000   0.000   0.000   0.500   0.250   0.250
   jd        0.167   0.000   0.167   0.667   0.000   0.000
   jmaj      0.167   0.000   0.167   0.667   0.000   0.000
   ky        0.000   0.000   0.500   0.500   0.000   0.000
   c2/c      0.000   0.500   0.000   0.500   0.000   0.000
   mfer      0.000   0.500   0.500   0.000   0.000   0.000
   aki       0.000   0.500   0.000   0.500   0.000   0.000
   maj       0.000   0.500   0.000   0.500   0.000   0.000
   perov     0.000   0.500   0.000   0.500   0.000   0.000
   ring      0.000   0.667   0.000   0.333   0.000   0.000
   ts        0.000   0.333   0.333   0.333   0.000   0.000
   wad       0.000   0.667   0.000   0.333   0.000   0.000
   ppv       0.000   0.500   0.000   0.500   0.000   0.000
   nfer      0.250   0.000   0.250   0.500   0.000   0.000
   neph      0.250   0.000   0.250   0.500   0.000   0.000
   odi       0.000   0.250   0.000   0.500   0.250   0.000
   per       0.000   1.000   0.000   0.000   0.000   0.000
   py        0.000   0.429   0.143   0.429   0.000   0.000
   q         0.000   0.000   0.000   1.000   0.000   0.000
   sp        0.000   0.500   0.500   0.000   0.000   0.000
   st        0.000   0.000   0.000   1.000   0.000   0.000
   wus       0.000   0.000   0.000   0.000   0.000   1.000

Phases:

 C2/c        Pv          Pl          O           Wad         Ring      
 Opx         Cpx         Aki         Gt          Ppv         CF        

--------------------------------------------------------------------------------


 Stable assemblages identified by assemblage index:

   1 - O Cpx Opx sp 
   2 - O Cpx Opx Gt 
   3 - O Cpx Gt C2/c 
